1,,,
3,,,
2,,,
2,,,
1,,,
0,,,
3,,,
1,,,
1,,,
3,,,
2,,,
4,,,
2,,,
12,,,
12,,,
2,,,
6,,,
5,,,
4,,,
11,,,
13,,,
2,,,
0,,,
1,,,
9,,,
6,,,
2,,,
10,,,
3,,,
4,,,
5,,,
6,,,
9,,,
4,,,
4,,,
2,,,
4,,,
14,,,
14,,,
11,,,
8,,,
3,,,
2,,,
7,,,
0,,,
8,,,
1,,,
5,,,
6,,,
6,,,
5,,,
4,,,
0,,,
2,,,
1,,,
2,,,
4,,,
0,,,
2,,,
2,,,
4,,,
4,,,
4,,,
0,,,
4,,,
0,,,
2,,,
0,,,
4,,,
3,,,
3,,,
4,,,
1,,,
0,,,
1,,,
4,,,
0,,,
0,,,
3,,,
4,,,
3,,,
3,,,
1,,,
5,,,
2,,,
30,,,
31,,,
16,,,
64,,,
54,,,
107,,,
43,,,
69,,,
49,,,
270,,,
57,,,
109,,,
4,,,
144,,,
118,,,
272,,,
244,,,
72,,,
117,,,
17,,,
104,,,
68,,,
231,,,
99,,,
171,,,
58,,,
208,,,
38,,,
100,,,
75,,,
198,,,
108,,,
218,,,
88,,,
100,,,
32,,,
49,,,
3,,,
117,,,
15,,,
33,,,
35,,,
176,,,
157,,,
107,,,
154,,,
13,,,
31,,,
167,,,
143,,,
136,,,
77,,,
95,,,
151,,,
134,,,
15,,,
99,,,
144,,,
99,,,
85,,,
3,,,
135,,,
37,,,
21,,,
91,,,
11,,,
51,,,
8,,,
50,,,
13,,,
63,,,
45,,,
10,,,
6,,,
29,,,
7,,,
22,,,
10,,,
2,,,
1,,,
2,,,
4,,,
0,,,
1,,,
3,,,
2,,,
1,,,
0,,,
3,,,
0,,,
0,,,
2,,,
3,,,
1,,,
0,,,
1,,,
4,,,
3,,,
0,,,
3,,,
3,,,
2,,,
2,,,
3,,,
3,,,
2,,,
0,,,
2,,,
4,,,
4,,,
0,,,
3,,,
3,,,
0,,,
4,,,
4,,,
0,,,
0,,,
4,,,
3,,,
2,,,
1,,,
2,,,
0,,,
2,,,
3,,,
1,,,
2,,,
3,,,
4,,,
2,,,
1,,,
1,,,
4,,,
1,,,
1,,,
4,,,
3,,,
4,,,
0,,,
3,,,
5,,,
4,,,
1,,,
1,,,
7,,,
7,,,
0,,,
7,,,
8,,,
8,,,
0,,,
4,,,
1,,,
2,,,
2,,,
1,,,
4,,,
1,,,
1,,,
0,,,
3,,,
2,,,
3,,,
4,,,
0,,,
4,,,
3,,,
3,,,
4,,,
3,,,
0,,,
2,,,
4,,,
0,,,
2,,,
4,,,
2,,,
2,,,
3,,,
2,,,
0,,,
9,,,
0,,,
4,,,
2,,,
8,,,
12,,,
2,,,
9,,,
8,,,
3,,,
6,,,
5,,,
7,,,
6,,,
1,,,
1,,,
2,,,
1,,,
0,,,
0,,,
4,,,
4,,,
1,,,
4,,,
1,,,
2,,,
4,,,
3,,,
1,,,
1,,,
1,,,
1,,,
0,,,
1,,,
4,,,
1,,,
3,,,
3,,,
3,,,
2,,,
2,,,
0,,,
4,,,
4,,,
4,,,
2,,,
0,,,
1,,,
1,,,
3,,,
3,,,
0,,,
2,,,
0,,,
1,,,
1,,,
2,,,
0,,,
1,,,
0,,,
0,,,
6,,,
7,,,
8,,,
9,,,
7,,,
30,,,
44,,,
54,,,
28,,,
39,,,
1,,,
21,,,
48,,,
40,,,
22,,,
27,,,
41,,,
17,,,
11,,,
25,,,
14,,,
0,,,
6,,,
4,,,
4,,,
2,,,
4,,,
2,,,
3,,,
4,,,
1,,,
3,,,
3,,,
2,,,
4,,,
2,,,
0,,,
3,,,
1,,,
2,,,
1,,,
2,,,
1,,,
1,,,
3,,,
1,,,
3,,,
2,,,
0,,,
1,,,
0,,,
4,,,
1,,,
1,,,
4,,,
2,,,
0,,,
0,,,
4,,,
2,,,
7,,,
11,,,
3,,,
7,,,
4,,,
5,,,
9,,,
6,,,
3,,,
8,,,
16,,,
23,,,
7,,,
4,,,
4,,,
1,,,
10,,,
35,,,
12,,,
17,,,
2,,,
13,,,
12,,,
16,,,
4,,,
3,,,
3,,,
4,,,
3,,,
4,,,
2,,,
4,,,
2,,,
3,,,
2,,,
4,,,
3,,,
1,,,
3,,,
3,,,
4,,,
2,,,
4,,,
2,,,
1,,,
0,,,
0,,,
4,,,
0,,,
2,,,
1,,,
4,,,
2,,,
0,,,
6,,,
6,,,
0,,,
3,,,
3,,,
0,,,
2,,,
0,,,
0,,,
1,,,
1,,,
4,,,
2,,,
4,,,
1,,,
3,,,
0,,,
2,,,
0,,,
1,,,
1,,,
3,,,
1,,,
3,,,
2,,,
1,,,
0,,,
1,,,
1,,,
0,,,
1,,,
1,,,
3,,,
4,,,
1,,,
1,,,
4,,,
0,,,
4,,,
4,,,
2,,,
0,,,
1,,,
1,,,
1,,,
0,,,
2,,,
5,,,
11,,,
6,,,
19,,,
7,,,
14,,,
4,,,
3,,,
2,,,
2,,,
1,,,
0,,,
0,,,
1,,,
4,,,
3,,,
4,,,
3,,,
4,,,
3,,,
2,,,
2,,,
2,,,
4,,,
1,,,
4,,,
0,,,
2,,,
0,,,
1,,,
4,,,
1,,,
2,,,
0,,,
0,,,
4,,,
0,,,
1,,,
3,,,
0,,,
1,,,
4,,,
0,,,
3,,,
0,,,
1,,,
2,,,
1,,,
4,,,
3,,,
4,,,
4,,,
0,,,
3,,,
3,,,
1,,,
2,,,
0,,,
1,,,
0,,,
1,,,
0,,,
1,,,
0,,,
0,,,
1,,,
0,,,
3,,,
0,,,
0,,,
3,,,
1,,,
4,,,
0,,,
4,,,
1,,,
2,,,
3,,,
4,,,
3,,,
2,,,
4,,,
2,,,
4,,,
2,,,
2,,,
3,,,
2,,,
1,,,
0,,,
6,,,
1,,,
3,,,
10,,,
3,,,
1,,,
1,,,
3,,,
4,,,
1,,,
0,,,
4,,,
2,,,
4,,,
0,,,
4,,,
2,,,
4,,,
2,,,
1,,,
4,,,
1,,,
2,,,
2,,,
1,,,
2,,,
4,,,
4,,,
4,,,
4,,,
0,,,
3,,,
1,,,
4,,,
1,,,
1,,,
2,,,
4,,,
4,,,
2,,,
1,,,
1,,,
1,,,
0,,,
0,,,
3,,,
1,,,
4,,,
4,,,
1,,,
3,,,
4,,,
2,,,
0,,,
3,,,
0,,,
4,,,
4,,,
1,,,
3,,,
0,,,
1,,,
1,,,
4,,,
2,,,
4,,,
0,,,
0,,,
4,,,
6,,,
0,,,
4,,,
1,,,
4,,,
0,,,
1,,,
14,,,
1,,,
0,,,
14,,,
7,,,
20,,,
13,,,
19,,,
13,,,
13,,,
17,,,
22,,,
18,,,
9,,,
8,,,
7,,,
2,,,
4,,,
4,,,
4,,,
1,,,
0,,,
1,,,
0,,,
2,,,
2,,,
4,,,
0,,,
0,,,
3,,,
3,,,
3,,,
4,,,
4,,,
2,,,
1,,,
1,,,
1,,,
3,,,
4,,,
1,,,
1,,,
4,,,
0,,,
1,,,
3,,,
2,,,
9,,,
11,,,
2,,,
26,,,
21,,,
15,,,
1,,,
33,,,
15,,,
0,,,
9,,,
8,,,
10,,,
5,,,
3,,,
0,,,
0,,,
2,,,
4,,,
4,,,
4,,,
2,,,
2,,,
3,,,
4,,,
1,,,
2,,,
3,,,
1,,,
4,,,
0,,,
1,,,
3,,,
2,,,
2,,,
2,,,
0,,,
4,,,
4,,,
1,,,
4,,,
4,,,
6,,,
2,,,
2,,,
0,,,
9,,,
1,,,
0,,,
1,,,
15,,,
14,,,
5,,,
9,,,
19,,,
28,,,
1,,,
25,,,
16,,,
16,,,
16,,,
22,,,
5,,,
9,,,
11,,,
4,,,
0,,,
1,,,
0,,,
4,,,
4,,,
3,,,
0,,,
0,,,
4,,,
3,,,
2,,,
4,,,
1,,,
2,,,
1,,,
3,,,
3,,,
1,,,
4,,,
3,,,
4,,,
1,,,
2,,,
3,,,
1,,,
2,,,
0,,,
3,,,
3,,,
3,,,
3,,,
3,,,
1,,,
0,,,
2,,,
0,,,
4,,,
2,,,
0,,,
3,,,
2,,,
3,,,
4,,,
3,,,
2,,,
3,,,
1,,,
1,,,
4,,,
0,,,
4,,,
4,,,
2,,,
2,,,
4,,,
5,,,
0,,,
6,,,
7,,,
3,,,
7,,,
5,,,
0,,,
9,,,
6,,,
11,,,
23,,,
21,,,
24,,,
34,,,
12,,,
1,,,
10,,,
27,,,
6,,,
1,,,
5,,,
13,,,
4,,,
1,,,
0,,,
3,,,
2,,,
1,,,
1,,,
1,,,
1,,,
4,,,
2,,,
4,,,
1,,,
1,,,
1,,,
0,,,
4,,,
3,,,
2,,,
3,,,
1,,,
4,,,
4,,,
2,,,
4,,,
3,,,
4,,,
2,,,
1,,,
2,,,
1,,,
2,,,
5,,,
5,,,
3,,,
3,,,
5,,,
0,,,
3,,,
8,,,
21,,,
15,,,
13,,,
7,,,
19,,,
21,,,
24,,,
8,,,
4,,,
24,,,
2,,,
10,,,
13,,,
0,,,
8,,,
5,,,
1,,,
1,,,
5,,,
6,,,
4,,,
0,,,
0,,,
3,,,
3,,,
1,,,
0,,,
3,,,
1,,,
4,,,
4,,,
2,,,
4,,,
2,,,
2,,,
0,,,
0,,,
1,,,
4,,,
1,,,
0,,,
2,,,
3,,,
6,,,
0,,,
0,,,
4,,,
14,,,
7,,,
2,,,
7,,,
2,,,
4,,,
1,,,
4,,,
2,,,
3,,,
4,,,
3,,,
1,,,
0,,,
2,,,
1,,,
2,,,
1,,,
3,,,
2,,,
3,,,
4,,,
1,,,
4,,,
2,,,
1,,,
2,,,
3,,,
1,,,
3,,,
0,,,
3,,,
4,,,
4,,,
0,,,
2,,,
0,,,
1,,,
3,,,
0,,,
1,,,
1,,,
4,,,
8,,,
9,,,
10,,,
7,,,
9,,,
5,,,
4,,,
6,,,
1,,,
3,,,
3,,,
4,,,
2,,,
4,,,
3,,,
2,,,
2,,,
1,,,
3,,,
1,,,
2,,,
4,,,
1,,,
0,,,
2,,,
4,,,
3,,,
2,,,
1,,,
3,,,
2,,,
1,,,
4,,,
1,,,
2,,,
3,,,
3,,,
1,,,
3,,,
3,,,
1,,,
4,,,
2,,,
4,,,
3,,,
0,,,
3,,,
1,,,
3,,,
3,,,
4,,,
0,,,
3,,,
2,,,
2,,,
2,,,
1,,,
1,,,
4,,,
4,,,
4,,,
1,,,
1,,,
6,,,
5,,,
3,,,
1,,,
2,,,
2,,,
1,,,
0,,,
1,,,
0,,,
2,,,
2,,,
4,,,
4,,,
0,,,
2,,,
2,,,
4,,,
1,,,
4,,,
4,,,
3,,,
2,,,
1,,,
1,,,
0,,,
2,,,
3,,,
3,,,
0,,,
2,,,
1,,,
4,,,
4,,,
2,,,
1,,,
3,,,
3,,,
1,,,
4,,,
4,,,
0,,,
3,,,
0,,,
4,,,
1,,,
2,,,
3,,,
0,,,
0,,,
0,,,
6,,,
6,,,
6,,,
6,,,
1,,,
7,,,
8,,,
6,,,
22,,,
13,,,
52,,,
11,,,
39,,,
15,,,
