1,,,
3,,,
2,,,
2,,,
1,,,
0,,,
3,,,
1,,,
1,,,
3,,,
2,,,
14,,,
7,,,
12,,,
12,,,
2,,,
6,,,
5,,,
4,,,
11,,,
13,,,
2,,,
0,,,
1,,,
9,,,
6,,,
2,,,
10,,,
3,,,
4,,,
5,,,
6,,,
9,,,
4,,,
4,,,
2,,,
4,,,
14,,,
14,,,
11,,,
8,,,
3,,,
2,,,
7,,,
0,,,
4,,,
9,,,
9,,,
7,,,
7,,,
7,,,
8,,,
3,,,
6,,,
3,,,
3,,,
9,,,
6,,,
6,,,
7,,,
3,,,
15,,,
6,,,
3,,,
4,,,
12,,,
6,,,
6,,,
0,,,
3,,,
3,,,
4,,,
1,,,
0,,,
1,,,
4,,,
0,,,
0,,,
3,,,
4,,,
3,,,
0,,,
4,,,
3,,,
3,,,
0,,,
2,,,
4,,,
2,,,
2,,,
3,,,
4,,,
4,,,
4,,,
5,,,
2,,,
4,,,
2,,,
0,,,
4,,,
1,,,
3,,,
3,,,
4,,,
4,,,
2,,,
3,,,
1,,,
4,,,
1,,,
0,,,
2,,,
4,,,
1,,,
2,,,
4,,,
3,,,
0,,,
3,,,
0,,,
2,,,
3,,,
3,,,
0,,,
3,,,
1,,,
0,,,
4,,,
3,,,
0,,,
0,,,
1,,,
0,,,
4,,,
1,,,
1,,,
3,,,
1,,,
2,,,
2,,,
3,,,
4,,,
4,,,
4,,,
0,,,
1,,,
3,,,
3,,,
3,,,
1,,,
3,,,
2,,,
1,,,
3,,,
0,,,
7,,,
3,,,
8,,,
12,,,
1,,,
3,,,
6,,,
6,,,
2,,,
0,,,
2,,,
4,,,
0,,,
1,,,
3,,,
2,,,
1,,,
0,,,
3,,,
0,,,
0,,,
2,,,
3,,,
1,,,
0,,,
1,,,
4,,,
3,,,
0,,,
3,,,
3,,,
2,,,
2,,,
3,,,
3,,,
2,,,
0,,,
2,,,
4,,,
4,,,
0,,,
3,,,
3,,,
0,,,
4,,,
4,,,
0,,,
0,,,
4,,,
3,,,
2,,,
1,,,
2,,,
0,,,
2,,,
0,,,
2,,,
7,,,
11,,,
0,,,
13,,,
1,,,
15,,,
24,,,
16,,,
11,,,
7,,,
8,,,
11,,,
3,,,
19,,,
38,,,
24,,,
34,,,
34,,,
15,,,
17,,,
32,,,
33,,,
16,,,
26,,,
23,,,
18,,,
11,,,
4,,,
2,,,
1,,,
4,,,
1,,,
1,,,
0,,,
3,,,
2,,,
3,,,
4,,,
0,,,
4,,,
3,,,
3,,,
4,,,
3,,,
0,,,
2,,,
4,,,
0,,,
2,,,
4,,,
2,,,
2,,,
3,,,
2,,,
0,,,
0,,,
2,,,
3,,,
3,,,
4,,,
1,,,
2,,,
2,,,
2,,,
2,,,
2,,,
1,,,
2,,,
1,,,
1,,,
1,,,
2,,,
1,,,
0,,,
0,,,
4,,,
4,,,
1,,,
4,,,
1,,,
2,,,
4,,,
3,,,
1,,,
1,,,
1,,,
1,,,
0,,,
1,,,
4,,,
1,,,
3,,,
3,,,
2,,,
1,,,
9,,,
1,,,
1,,,
14,,,
1,,,
2,,,
20,,,
6,,,
36,,,
13,,,
18,,,
45,,,
57,,,
20,,,
66,,,
56,,,
2,,,
96,,,
87,,,
177,,,
16,,,
98,,,
71,,,
168,,,
121,,,
173,,,
138,,,
60,,,
6,,,
84,,,
39,,,
1,,,
5,,,
168,,,
156,,,
38,,,
11,,,
11,,,
37,,,
139,,,
145,,,
62,,,
28,,,
66,,,
19,,,
7,,,
55,,,
40,,,
32,,,
78,,,
45,,,
64,,,
73,,,
40,,,
24,,,
58,,,
66,,,
90,,,
78,,,
44,,,
67,,,
29,,,
33,,,
76,,,
46,,,
45,,,
38,,,
9,,,
5,,,
51,,,
52,,,
62,,,
29,,,
36,,,
20,,,
41,,,
11,,,
19,,,
9,,,
19,,,
26,,,
34,,,
11,,,
3,,,
27,,,
20,,,
21,,,
9,,,
6,,,
3,,,
1,,,
1,,,
3,,,
2,,,
4,,,
4,,,
1,,,
0,,,
4,,,
0,,,
2,,,
2,,,
0,,,
2,,,
0,,,
4,,,
3,,,
3,,,
4,,,
3,,,
4,,,
2,,,
4,,,
2,,,
3,,,
2,,,
4,,,
3,,,
1,,,
3,,,
3,,,
4,,,
2,,,
4,,,
2,,,
1,,,
0,,,
0,,,
4,,,
0,,,
2,,,
6,,,
0,,,
0,,,
13,,,
6,,,
12,,,
6,,,
18,,,
8,,,
16,,,
28,,,
26,,,
33,,,
0,,,
25,,,
0,,,
23,,,
3,,,
16,,,
22,,,
5,,,
2,,,
15,,,
5,,,
9,,,
3,,,
1,,,
3,,,
2,,,
1,,,
0,,,
1,,,
1,,,
0,,,
1,,,
1,,,
3,,,
4,,,
1,,,
1,,,
4,,,
0,,,
4,,,
4,,,
2,,,
0,,,
1,,,
1,,,
1,,,
9,,,
14,,,
3,,,
11,,,
6,,,
19,,,
10,,,
21,,,
34,,,
18,,,
14,,,
28,,,
19,,,
15,,,
28,,,
12,,,
21,,,
0,,,
11,,,
0,,,
16,,,
35,,,
32,,,
17,,,
11,,,
2,,,
18,,,
12,,,
20,,,
10,,,
0,,,
1,,,
24,,,
14,,,
11,,,
4,,,
20,,,
21,,,
15,,,
7,,,
16,,,
5,,,
12,,,
8,,,
2,,,
12,,,
0,,,
1,,,
7,,,
6,,,
4,,,
4,,,
3,,,
2,,,
4,,,
0,,,
5,,,
2,,,
7,,,
0,,,
6,,,
0,,,
11,,,
10,,,
3,,,
21,,,
15,,,
21,,,
17,,,
10,,,
5,,,
0,,,
3,,,
11,,,
14,,,
0,,,
14,,,
1,,,
7,,,
9,,,
8,,,
5,,,
10,,,
4,,,
5,,,
3,,,
0,,,
5,,,
5,,,
2,,,
1,,,
0,,,
2,,,
0,,,
4,,,
3,,,
3,,,
1,,,
1,,,
3,,,
4,,,
1,,,
0,,,
4,,,
2,,,
4,,,
0,,,
4,,,
2,,,
4,,,
2,,,
2,,,
5,,,
4,,,
7,,,
2,,,
6,,,
3,,,
7,,,
9,,,
12,,,
1,,,
2,,,
5,,,
14,,,
6,,,
0,,,
11,,,
5,,,
3,,,
9,,,
6,,,
3,,,
10,,,
10,,,
20,,,
5,,,
3,,,
1,,,
2,,,
4,,,
3,,,
2,,,
4,,,
2,,,
0,,,
3,,,
0,,,
4,,,
4,,,
1,,,
3,,,
0,,,
1,,,
1,,,
4,,,
2,,,
4,,,
0,,,
0,,,
4,,,
2,,,
4,,,
2,,,
3,,,
2,,,
4,,,
1,,,
3,,,
1,,,
0,,,
2,,,
2,,,
0,,,
3,,,
4,,,
3,,,
3,,,
2,,,
2,,,
3,,,
3,,,
3,,,
0,,,
2,,,
4,,,
4,,,
4,,,
1,,,
0,,,
0,,,
1,,,
1,,,
9,,,
10,,,
6,,,
4,,,
5,,,
3,,,
2,,,
2,,,
4,,,
0,,,
16,,,
11,,,
7,,,
3,,,
14,,,
1,,,
5,,,
2,,,
14,,,
8,,,
13,,,
0,,,
2,,,
1,,,
1,,,
4,,,
4,,,
1,,,
2,,,
1,,,
0,,,
0,,,
0,,,
3,,,
2,,,
4,,,
1,,,
0,,,
0,,,
2,,,
4,,,
4,,,
4,,,
2,,,
2,,,
3,,,
4,,,
1,,,
2,,,
3,,,
1,,,
4,,,
0,,,
1,,,
3,,,
2,,,
2,,,
2,,,
0,,,
4,,,
4,,,
1,,,
1,,,
1,,,
4,,,
3,,,
0,,,
2,,,
0,,,
1,,,
5,,,
5,,,
2,,,
2,,,
0,,,
10,,,
0,,,
0,,,
1,,,
5,,,
6,,,
3,,,
0,,,
4,,,
1,,,
3,,,
3,,,
3,,,
3,,,
1,,,
0,,,
4,,,
4,,,
3,,,
0,,,
0,,,
4,,,
3,,,
2,,,
4,,,
1,,,
2,,,
1,,,
3,,,
3,,,
1,,,
4,,,
3,,,
4,,,
1,,,
2,,,
3,,,
2,,,
9,,,
9,,,
3,,,
5,,,
3,,,
7,,,
3,,,
0,,,
1,,,
2,,,
4,,,
4,,,
2,,,
0,,,
3,,,
2,,,
3,,,
4,,,
3,,,
2,,,
3,,,
1,,,
1,,,
4,,,
0,,,
4,,,
0,,,
1,,,
3,,,
4,,,
3,,,
0,,,
4,,,
1,,,
0,,,
4,,,
1,,,
3,,,
1,,,
2,,,
0,,,
0,,,
1,,,
3,,,
0,,,
2,,,
1,,,
2,,,
4,,,
0,,,
4,,,
4,,,
5,,,
5,,,
2,,,
3,,,
8,,,
1,,,
5,,,
11,,,
5,,,
8,,,
2,,,
8,,,
5,,,
2,,,
12,,,
23,,,
6,,,
8,,,
30,,,
12,,,
35,,,
5,,,
64,,,
4,,,
104,,,
86,,,
131,,,
54,,,
104,,,
141,,,
61,,,
49,,,
95,,,
25,,,
6,,,
29,,,
116,,,
106,,,
63,,,
107,,,
22,,,
37,,,
97,,,
106,,,
58,,,
101,,,
77,,,
62,,,
53,,,
14,,,
20,,,
78,,,
25,,,
44,,,
18,,,
49,,,
50,,,
43,,,
35,,,
16,,,
13,,,
36,,,
8,,,
2,,,
22,,,
30,,,
3,,,
16,,,
8,,,
6,,,
8,,,
5,,,
15,,,
15,,,
9,,,
10,,,
16,,,
8,,,
12,,,
8,,,
2,,,
4,,,
2,,,
3,,,
1,,,
0,,,
4,,,
0,,,
0,,,
1,,,
4,,,
4,,,
1,,,
4,,,
1,,,
4,,,
2,,,
3,,,
4,,,
3,,,
1,,,
0,,,
2,,,
1,,,
2,,,
1,,,
3,,,
2,,,
3,,,
4,,,
1,,,
4,,,
2,,,
1,,,
2,,,
3,,,
1,,,
3,,,
0,,,
3,,,
4,,,
4,,,
0,,,
2,,,
0,,,
1,,,
3,,,
0,,,
1,,,
3,,,
4,,,
3,,,
4,,,
4,,,
6,,,
9,,,
5,,,
10,,,
5,,,
13,,,
2,,,
12,,,
12,,,
4,,,
5,,,
6,,,
7,,,
11,,,
5,,,
8,,,
0,,,
2,,,
0,,,
1,,,
0,,,
2,,,
4,,,
3,,,
2,,,
1,,,
3,,,
2,,,
1,,,
4,,,
1,,,
2,,,
3,,,
3,,,
1,,,
3,,,
3,,,
1,,,
4,,,
2,,,
4,,,
3,,,
0,,,
3,,,
1,,,
3,,,
3,,,
4,,,
0,,,
3,,,
2,,,
2,,,
2,,,
1,,,
1,,,
