11,,,
13,,,
7,,,
12,,,
1,,,
0,,,
3,,,
11,,,
6,,,
8,,,
12,,,
14,,,
7,,,
12,,,
12,,,
2,,,
6,,,
5,,,
4,,,
11,,,
13,,,
2,,,
0,,,
1,,,
9,,,
6,,,
2,,,
10,,,
3,,,
4,,,
5,,,
6,,,
9,,,
4,,,
4,,,
2,,,
4,,,
14,,,
14,,,
11,,,
8,,,
12,,,
2,,,
7,,,
3,,,
17,,,
1,,,
14,,,
12,,,
6,,,
2,,,
10,,,
0,,,
2,,,
11,,,
2,,,
9,,,
5,,,
12,,,
12,,,
9,,,
9,,,
4,,,
10,,,
14,,,
0,,,
12,,,
10,,,
14,,,
3,,,
13,,,
14,,,
6,,,
0,,,
6,,,
14,,,
0,,,
0,,,
13,,,
4,,,
13,,,
0,,,
14,,,
13,,,
12,,,
10,,,
28,,,
19,,,
25,,,
0,,,
2,,,
1,,,
51,,,
49,,,
33,,,
12,,,
34,,,
7,,,
0,,,
49,,,
56,,,
17,,,
48,,,
45,,,
39,,,
41,,,
20,,,
42,,,
9,,,
30,,,
49,,,
8,,,
25,,,
9,,,
29,,,
26,,,
0,,,
4,,,
42,,,
4,,,
36,,,
13,,,
24,,,
15,,,
33,,,
1,,,
25,,,
23,,,
19,,,
21,,,
26,,,
17,,,
20,,,
4,,,
19,,,
16,,,
8,,,
18,,,
7,,,
2,,,
3,,,
9,,,
9,,,
9,,,
10,,,
6,,,
3,,,
13,,,
3,,,
1,,,
8,,,
12,,,
14,,,
11,,,
13,,,
9,,,
9,,,
10,,,
9,,,
8,,,
7,,,
4,,,
1,,,
2,,,
10,,,
12,,,
4,,,
10,,,
1,,,
3,,,
12,,,
11,,,
5,,,
13,,,
5,,,
0,,,
12,,,
8,,,
6,,,
0,,,
1,,,
14,,,
13,,,
0,,,
3,,,
3,,,
2,,,
12,,,
13,,,
3,,,
12,,,
5,,,
7,,,
14,,,
14,,,
10,,,
3,,,
3,,,
5,,,
4,,,
13,,,
14,,,
0,,,
13,,,
18,,,
1,,,
18,,,
12,,,
11,,,
11,,,
13,,,
6,,,
2,,,
3,,,
14,,,
12,,,
6,,,
1,,,
9,,,
11,,,
11,,,
14,,,
8,,,
10,,,
13,,,
7,,,
5,,,
8,,,
3,,,
3,,,
5,,,
2,,,
5,,,
12,,,
13,,,
13,,,
10,,,
9,,,
11,,,
7,,,
12,,,
1,,,
14,,,
6,,,
11,,,
17,,,
9,,,
5,,,
10,,,
4,,,
14,,,
9,,,
3,,,
13,,,
4,,,
18,,,
5,,,
8,,,
9,,,
0,,,
12,,,
14,,,
2,,,
2,,,
3,,,
7,,,
0,,,
5,,,
2,,,
3,,,
13,,,
14,,,
11,,,
12,,,
12,,,
7,,,
2,,,
7,,,
1,,,
7,,,
11,,,
6,,,
1,,,
7,,,
11,,,
5,,,
0,,,
9,,,
14,,,
1,,,
9,,,
11,,,
7,,,
4,,,
13,,,
11,,,
11,,,
6,,,
1,,,
5,,,
1,,,
14,,,
11,,,
13,,,
3,,,
8,,,
12,,,
12,,,
0,,,
14,,,
4,,,
4,,,
12,,,
5,,,
11,,,
1,,,
3,,,
3,,,
10,,,
2,,,
5,,,
11,,,
6,,,
12,,,
0,,,
11,,,
0,,,
4,,,
2,,,
2,,,
9,,,
4,,,
8,,,
6,,,
9,,,
12,,,
6,,,
6,,,
1,,,
14,,,
12,,,
6,,,
3,,,
2,,,
11,,,
14,,,
3,,,
6,,,
2,,,
13,,,
1,,,
14,,,
9,,,
7,,,
4,,,
2,,,
3,,,
4,,,
6,,,
13,,,
13,,,
7,,,
9,,,
7,,,
5,,,
3,,,
11,,,
12,,,
1,,,
12,,,
11,,,
6,,,
3,,,
6,,,
8,,,
7,,,
5,,,
11,,,
5,,,
14,,,
1,,,
6,,,
14,,,
2,,,
5,,,
10,,,
4,,,
1,,,
14,,,
2,,,
6,,,
13,,,
2,,,
0,,,
12,,,
7,,,
10,,,
8,,,
11,,,
3,,,
12,,,
14,,,
9,,,
1,,,
5,,,
9,,,
0,,,
2,,,
12,,,
5,,,
2,,,
5,,,
4,,,
8,,,
8,,,
9,,,
3,,,
4,,,
2,,,
9,,,
7,,,
8,,,
7,,,
9,,,
8,,,
11,,,
8,,,
3,,,
4,,,
12,,,
14,,,
2,,,
11,,,
0,,,
0,,,
15,,,
7,,,
2,,,
11,,,
14,,,
7,,,
5,,,
5,,,
11,,,
5,,,
13,,,
13,,,
0,,,
2,,,
0,,,
10,,,
1,,,
1,,,
9,,,
2,,,
9,,,
6,,,
3,,,
5,,,
2,,,
0,,,
11,,,
11,,,
3,,,
11,,,
13,,,
12,,,
6,,,
0,,,
1,,,
6,,,
0,,,
6,,,
11,,,
3,,,
4,,,
1,,,
1,,,
4,,,
10,,,
9,,,
14,,,
12,,,
10,,,
1,,,
6,,,
11,,,
14,,,
9,,,
8,,,
1,,,
1,,,
14,,,
20,,,
11,,,
9,,,
3,,,
47,,,
37,,,
11,,,
55,,,
35,,,
11,,,
39,,,
23,,,
14,,,
43,,,
54,,,
53,,,
47,,,
41,,,
53,,,
0,,,
46,,,
52,,,
64,,,
32,,,
40,,,
40,,,
0,,,
31,,,
23,,,
31,,,
9,,,
30,,,
18,,,
12,,,
18,,,
1,,,
6,,,
14,,,
5,,,
3,,,
10,,,
6,,,
12,,,
1,,,
4,,,
13,,,
9,,,
14,,,
10,,,
3,,,
8,,,
11,,,
7,,,
10,,,
11,,,
0,,,
11,,,
5,,,
1,,,
5,,,
0,,,
6,,,
5,,,
8,,,
5,,,
0,,,
3,,,
11,,,
14,,,
0,,,
14,,,
1,,,
7,,,
3,,,
9,,,
3,,,
2,,,
4,,,
2,,,
4,,,
7,,,
2,,,
8,,,
7,,,
12,,,
4,,,
7,,,
0,,,
9,,,
8,,,
13,,,
1,,,
6,,,
3,,,
9,,,
11,,,
21,,,
20,,,
15,,,
4,,,
11,,,
14,,,
2,,,
4,,,
2,,,
11,,,
13,,,
15,,,
7,,,
2,,,
1,,,
7,,,
4,,,
9,,,
14,,,
9,,,
5,,,
13,,,
1,,,
14,,,
6,,,
6,,,
7,,,
4,,,
9,,,
2,,,
1,,,
11,,,
6,,,
0,,,
5,,,
3,,,
6,,,
14,,,
14,,,
1,,,
3,,,
14,,,
12,,,
10,,,
8,,,
5,,,
9,,,
4,,,
6,,,
8,,,
5,,,
11,,,
6,,,
14,,,
2,,,
4,,,
5,,,
10,,,
9,,,
7,,,
4,,,
2,,,
3,,,
2,,,
9,,,
1,,,
13,,,
1,,,
0,,,
12,,,
2,,,
10,,,
3,,,
14,,,
13,,,
3,,,
12,,,
7,,,
8,,,
3,,,
8,,,
5,,,
7,,,
14,,,
4,,,
9,,,
11,,,
10,,,
11,,,
5,,,
2,,,
7,,,
14,,,
5,,,
10,,,
8,,,
13,,,
8,,,
9,,,
14,,,
12,,,
11,,,
1,,,
1,,,
3,,,
14,,,
11,,,
7,,,
7,,,
4,,,
10,,,
7,,,
10,,,
2,,,
6,,,
6,,,
4,,,
9,,,
1,,,
7,,,
6,,,
10,,,
0,,,
5,,,
8,,,
2,,,
14,,,
6,,,
10,,,
0,,,
12,,,
14,,,
4,,,
14,,,
7,,,
7,,,
13,,,
11,,,
2,,,
27,,,
8,,,
36,,,
19,,,
25,,,
71,,,
43,,,
17,,,
3,,,
52,,,
75,,,
49,,,
146,,,
99,,,
15,,,
56,,,
37,,,
73,,,
26,,,
112,,,
101,,,
91,,,
10,,,
86,,,
57,,,
6,,,
141,,,
97,,,
12,,,
66,,,
7,,,
4,,,
13,,,
3,,,
9,,,
57,,,
45,,,
41,,,
69,,,
98,,,
72,,,
23,,,
44,,,
76,,,
4,,,
17,,,
36,,,
55,,,
79,,,
13,,,
37,,,
28,,,
2,,,
27,,,
66,,,
39,,,
33,,,
66,,,
32,,,
6,,,
0,,,
13,,,
32,,,
1,,,
8,,,
9,,,
25,,,
20,,,
11,,,
13,,,
8,,,
3,,,
11,,,
5,,,
7,,,
0,,,
9,,,
12,,,
10,,,
13,,,
2,,,
3,,,
4,,,
8,,,
12,,,
13,,,
11,,,
1,,,
9,,,
10,,,
4,,,
10,,,
11,,,
3,,,
4,,,
8,,,
10,,,
14,,,
11,,,
5,,,
4,,,
11,,,
8,,,
1,,,
2,,,
0,,,
8,,,
4,,,
23,,,
25,,,
7,,,
1,,,
2,,,
15,,,
22,,,
17,,,
19,,,
7,,,
25,,,
17,,,
0,,,
17,,,
7,,,
11,,,
11,,,
11,,,
11,,,
14,,,
2,,,
14,,,
11,,,
6,,,
11,,,
5,,,
14,,,
13,,,
12,,,
8,,,
1,,,
9,,,
4,,,
2,,,
9,,,
3,,,
14,,,
2,,,
6,,,
2,,,
6,,,
11,,,
13,,,
6,,,
11,,,
5,,,
10,,,
0,,,
8,,,
13,,,
6,,,
10,,,
13,,,
2,,,
9,,,
1,,,
14,,,
8,,,
14,,,
4,,,
1,,,
7,,,
13,,,
5,,,
21,,,
0,,,
17,,,
9,,,
22,,,
47,,,
24,,,
10,,,
10,,,
38,,,
28,,,
36,,,
65,,,
8,,,
36,,,
44,,,
44,,,
41,,,
20,,,
25,,,
11,,,
40,,,
45,,,
51,,,
44,,,
23,,,
41,,,
0,,,
22,,,
35,,,
14,,,
7,,,
6,,,
7,,,
37,,,
6,,,
19,,,
16,,,
10,,,
5,,,
16,,,
7,,,
22,,,
11,,,
8,,,
1,,,
10,,,
7,,,
6,,,
12,,,
11,,,
13,,,
7,,,
8,,,
4,,,
11,,,
4,,,
7,,,
1,,,
7,,,
8,,,
11,,,
3,,,
0,,,
13,,,
14,,,
9,,,
0,,,
12,,,
10,,,
11,,,
3,,,
10,,,
6,,,
8,,,
3,,,
8,,,
10,,,
2,,,
14,,,
7,,,
5,,,
4,,,
0,,,
13,,,
8,,,
3,,,
9,,,
7,,,
4,,,
8,,,
7,,,
7,,,
11,,,
8,,,
6,,,
2,,,
9,,,
6,,,
0,,,
12,,,
9,,,
3,,,
7,,,
1,,,
3,,,
2,,,
1,,,
14,,,
11,,,
7,,,
13,,,
8,,,
11,,,
13,,,
13,,,
11,,,
9,,,
7,,,
4,,,
13,,,
0,,,
3,,,
6,,,
3,,,
3,,,
4,,,
5,,,
13,,,
2,,,
12,,,
2,,,
11,,,
1,,,
9,,,
15,,,
4,,,
23,,,
12,,,
17,,,
5,,,
14,,,
7,,,
25,,,
21,,,
6,,,
14,,,
11,,,
6,,,
15,,,
7,,,
14,,,
4,,,
10,,,
12,,,
7,,,
14,,,
1,,,
4,,,
4,,,
3,,,
2,,,
6,,,
6,,,
10,,,
7,,,
3,,,
13,,,
10,,,
7,,,
1,,,
9,,,
4,,,
2,,,
1,,,
3,,,
8,,,
6,,,
14,,,
9,,,
10,,,
13,,,
0,,,
14,,,
1,,,
12,,,
13,,,
0,,,
5,,,
2,,,
11,,,
0,,,
11,,,
9,,,
13,,,
6,,,
1,,,
1,,,
12,,,
11,,,
9,,,
13,,,
5,,,
5,,,
7,,,
6,,,
8,,,
7,,,
4,,,
0,,,
1,,,
14,,,
32,,,
53,,,
35,,,
6,,,
27,,,
63,,,
43,,,
62,,,
80,,,
44,,,
82,,,
47,,,
18,,,
76,,,
