dup ema st
1,1,15
1,1,10
1,1,5
2,1.1,5
2,1.2,5
2,1.3,5
1,1.3,5
2,1.4,5
2,1.5,5
2,1.6,7.5
1,1.5,5
2,1.6,7.5
1,1.5,5
1,1.4,5
1,1.3,5
1,1.3,5
1,1.3,5
1,1.3,5
1,1.3,5
1,1.3,5
3,1.5,5
2,1.6,7.5
1,1.5,5
3,1.7,7.5
2,1.7,11.25
1,1.6,11.25
1,1.5,6.25
1,1.4,5
1,1.3,5
2,1.4,5
1,1.3,5
1,1.3,5
1,1.3,5
1,1.3,5
1,1.3,5
2,1.4,5
2,1.5,5
2,1.6,7.5
2,1.7,11.25
2,1.7,16.875
2,1.7,25.3125
2,1.7,37.9688
2,1.7,56.9531
2,1.7,85.4297
1,1.6,85.4297
1,1.5,80.4297
1,1.4,75.4297
1,1.3,70.4297
1,1.3,65.4297
1,1.3,60.4297
1,1.3,55.4297
1,1.3,50.4297
1,1.3,45.4297
1,1.3,40.4297
1,1.3,35.4297
1,1.3,30.4297
1,1.3,25.4297
3,1.5,20.4297
3,1.7,30.6445
3,1.9,45.9668
3,2,68.9502
2,2,103.425
1,1.9,103.425
3,2,155.138
1,1.9,155.138
2,1.9,232.707
2,1.9,349.06
1,1.8,349.06
1,1.7,349.06
1,1.6,349.06
1,1.5,344.06
1,1.4,339.06
1,1.3,334.06
1,1.3,329.06
1,1.3,324.06
1,1.3,319.06
1,1.3,314.06
1,1.3,309.06
1,1.3,304.06
1,1.3,299.06
1,1.3,294.06
1,1.3,289.06
1,1.3,284.06
1,1.3,279.06
1,1.3,274.06
1,1.3,269.06
1,1.3,264.06
1,1.3,259.06
1,1.3,254.06
1,1.3,249.06
1,1.3,244.06
1,1.3,239.06
1,1.3,234.06
1,1.3,229.06
1,1.3,224.06
1,1.3,219.06
1,1.3,214.06
1,1.3,209.06
1,1.3,204.06
1,1.3,199.06
1,1.3,194.06
1,1.3,189.06
1,1.3,184.06
1,1.3,179.06
1,1.3,174.06
1,1.3,169.06
1,1.3,164.06
1,1.3,159.06
1,1.3,154.06
1,1.3,149.06
1,1.3,144.06
1,1.3,139.06
1,1.3,134.06
1,1.3,129.06
1,1.3,124.06
1,1.3,119.06
1,1.3,114.06
1,1.3,109.06
1,1.3,104.06
1,1.3,99.0604
1,1.3,94.0604
1,1.3,89.0604
1,1.3,84.0604
1,1.3,79.0604
1,1.3,74.0604
1,1.3,69.0604
1,1.3,64.0604
1,1.3,59.0604
1,1.3,54.0604
1,1.3,49.0604
1,1.3,44.0604
1,1.3,39.0604
1,1.3,34.0604
1,1.3,29.0604
1,1.3,24.0604
1,1.3,19.0604
1,1.3,14.0604
1,1.3,9.06036
1,1.3,5
1,1.3,5
1,1.3,5
1,1.3,5
1,1.3,5
1,1.3,5
1,1.3,5
1,1.3,5
1,1.3,5
1,1.3,5
1,1.3,5
1,1.3,5
1,1.3,5
1,1.3,5
1,1.3,5
1,1.3,5
1,1.3,5
1,1.3,5
1,1.3,5
1,1.3,5
1,1.3,5
1,1.3,5
1,1.3,5
1,1.3,5
1,1.3,5
1,1.3,5
1,1.3,5
1,1.3,5
1,1.3,5
1,1.3,5
1,1.3,5
1,1.3,5
1,1.3,5
1,1.3,5
1,1.3,5
1,1.3,5
1,1.3,5
1,1.3,5
2,1.4,5
2,1.5,5
1,1.4,5
1,1.3,5
1,1.3,5
1,1.3,5
1,1.3,5
1,1.3,5
1,1.3,5
1,1.3,5
1,1.3,5
3,1.5,5
2,1.6,7.5
1,1.5,5
3,1.7,7.5
3,1.9,11.25
3,2,16.875
3,2.1,25.3125
3,2.2,37.9688
3,2.3,56.9531
3,2.4,85.4297
1,2.2,85.4297
1,2.1,85.4297
1,2,85.4297
1,1.9,85.4297
1,1.8,85.4297
1,1.7,85.4297
1,1.6,85.4297
1,1.5,80.4297
1,1.4,75.4297
1,1.3,70.4297
1,1.3,65.4297
1,1.3,60.4297
1,1.3,55.4297
1,1.3,50.4297
1,1.3,45.4297
1,1.3,40.4297
1,1.3,35.4297
1,1.3,30.4297
1,1.3,25.4297
1,1.3,20.4297
1,1.3,15.4297
1,1.3,10.4297
1,1.3,5.42969
1,1.3,5
1,1.3,5
1,1.3,5
1,1.3,5
1,1.3,5
1,1.3,5
1,1.3,5
1,1.3,5
1,1.3,5
1,1.3,5
1,1.3,5
1,1.3,5
1,1.3,5
1,1.3,5
1,1.3,5
1,1.3,5
1,1.3,5
1,1.3,5
1,1.3,5
1,1.3,5
1,1.3,5
1,1.3,5
1,1.3,5
1,1.3,5
1,1.3,5
1,1.3,5
1,1.3,5
1,1.3,5
1,1.3,5
1,1.3,5
1,1.3,5
1,1.3,5
1,1.3,5
1,1.3,5
1,1.3,5
1,1.3,5
1,1.3,5
1,1.3,5
1,1.3,5
1,1.3,5
1,1.3,5
1,1.3,5
1,1.3,5
1,1.3,5
1,1.3,5
1,1.3,5
2,1.4,5
2,1.5,5
2,1.6,7.5
1,1.5,5
1,1.4,5
1,1.3,5
1,1.3,5
1,1.3,5
1,1.3,5
1,1.3,5
1,1.3,5
1,1.3,5
1,1.3,5
1,1.3,5
1,1.3,5
1,1.3,5
1,1.3,5
1,1.3,5
1,1.3,5
2,1.4,5
1,1.3,5
2,1.4,5
2,1.5,5
2,1.6,7.5
1,1.5,5
1,1.4,5
1,1.3,5
1,1.3,5
1,1.3,5
1,1.3,5
1,1.3,5
1,1.3,5
1,1.3,5
1,1.3,5
1,1.3,5
1,1.3,5
1,1.3,5
1,1.3,5
1,1.3,5
1,1.3,5
1,1.3,5
1,1.3,5
1,1.3,5
1,1.3,5
2,1.4,5
2,1.5,5
2,1.6,7.5
2,1.7,11.25
2,1.7,16.875
2,1.7,25.3125
2,1.7,37.9688
2,1.7,56.9531
2,1.7,85.4297
1,1.6,85.4297
1,1.5,80.4297
1,1.4,75.4297
1,1.3,70.4297
1,1.3,65.4297
1,1.3,60.4297
1,1.3,55.4297
1,1.3,50.4297
1,1.3,45.4297
2,1.4,40.4297
1,1.3,35.4297
1,1.3,30.4297
1,1.3,25.4297
1,1.3,20.4297
2,1.4,15.4297
1,1.3,10.4297
1,1.3,5.42969
1,1.3,5
3,1.5,5
3,1.7,7.5
3,1.9,11.25
2,1.9,16.875
2,1.9,25.3125
1,1.8,25.3125
1,1.7,25.3125
1,1.6,25.3125
1,1.5,20.3125
1,1.4,15.3125
1,1.3,10.3125
1,1.3,5.3125
1,1.3,5
1,1.3,5
1,1.3,5
1,1.3,5
1,1.3,5
1,1.3,5
1,1.3,5
1,1.3,5
1,1.3,5
1,1.3,5
1,1.3,5
1,1.3,5
1,1.3,5
3,1.5,5
3,1.7,7.5
3,1.9,11.25
2,1.9,16.875
3,2,25.3125
1,1.9,25.3125
1,1.8,25.3125
1,1.7,25.3125
1,1.6,25.3125
1,1.5,20.3125
1,1.4,15.3125
1,1.3,10.3125
1,1.3,5.3125
1,1.3,5
1,1.3,5
1,1.3,5
1,1.3,5
1,1.3,5
1,1.3,5
1,1.3,5
1,1.3,5
3,1.5,5
1,1.4,5
3,1.6,7.5
3,1.8,11.25
2,1.8,16.875
2,1.8,25.3125
2,1.8,37.9688
2,1.8,56.9531
2,1.8,85.4297
2,1.8,128.145
2,1.8,192.217
2,1.8,288.325
1,1.7,288.325
1,1.6,288.325
1,1.5,283.325
1,1.4,278.325
1,1.3,273.325
1,1.3,268.325
1,1.3,263.325
1,1.3,258.325
1,1.3,253.325
1,1.3,248.325
1,1.3,243.325
1,1.3,238.325
1,1.3,233.325
1,1.3,228.325
1,1.3,223.325
1,1.3,218.325
1,1.3,213.325
1,1.3,208.325
1,1.3,203.325
1,1.3,198.325
2,1.4,193.325
1,1.3,188.325
1,1.3,183.325
1,1.3,178.325
1,1.3,173.325
1,1.3,168.325
1,1.3,163.325
1,1.3,158.325
1,1.3,153.325
1,1.3,148.325
1,1.3,143.325
1,1.3,138.325
1,1.3,133.325
1,1.3,128.325
1,1.3,123.325
1,1.3,118.325
1,1.3,113.325
1,1.3,108.325
1,1.3,103.325
1,1.3,98.3252
1,1.3,93.3252
1,1.3,88.3252
1,1.3,83.3252
1,1.3,78.3252
1,1.3,73.3252
1,1.3,68.3252
1,1.3,63.3252
1,1.3,58.3252
1,1.3,53.3252
1,1.3,48.3252
1,1.3,43.3252
1,1.3,38.3252
1,1.3,33.3252
1,1.3,28.3252
1,1.3,23.3252
1,1.3,18.3252
1,1.3,13.3252
1,1.3,8.3252
1,1.3,5
1,1.3,5
1,1.3,5
1,1.3,5
1,1.3,5
1,1.3,5
1,1.3,5
1,1.3,5
1,1.3,5
1,1.3,5
1,1.3,5
1,1.3,5
1,1.3,5
1,1.3,5
1,1.3,5
1,1.3,5
1,1.3,5
1,1.3,5
1,1.3,5
1,1.3,5
1,1.3,5
1,1.3,5
1,1.3,5
1,1.3,5
1,1.3,5
1,1.3,5
3,1.5,5
3,1.7,7.5
3,1.9,11.25
3,2,16.875
3,2.1,25.3125
3,2.2,37.9688
1,2.1,37.9688
1,2,37.9688
1,1.9,37.9688
1,1.8,37.9688
1,1.7,37.9688
1,1.6,37.9688
1,1.5,32.9688
1,1.4,27.9688
1,1.3,22.9688
1,1.3,17.9688
1,1.3,12.9688
1,1.3,7.96875
1,1.3,5
1,1.3,5
1,1.3,5
1,1.3,5
1,1.3,5
1,1.3,5
1,1.3,5
3,1.5,5
3,1.7,7.5
3,1.9,11.25
2,1.9,16.875
2,1.9,25.3125
2,1.9,37.9688
2,1.9,56.9531
1,1.8,56.9531
1,1.7,56.9531
1,1.6,56.9531
1,1.5,51.9531
1,1.4,46.9531
1,1.3,41.9531
1,1.3,36.9531
1,1.3,31.9531
1,1.3,26.9531
1,1.3,21.9531
1,1.3,16.9531
1,1.3,11.9531
1,1.3,6.95312
1,1.3,5
1,1.3,5
1,1.3,5
1,1.3,5
1,1.3,5
1,1.3,5
1,1.3,5
1,1.3,5
1,1.3,5
1,1.3,5
2,1.4,5
2,1.5,5
2,1.6,7.5
3,1.8,11.25
