1,,,
3,,,
2,,,
2,,,
1,,,
0,,,
3,,,
1,,,
1,,,
3,,,
2,,,
4,,,
7,,,
12,,,
12,,,
2,,,
6,,,
5,,,
4,,,
1,,,
8,,,
2,,,
0,,,
1,,,
4,,,
6,,,
2,,,
0,,,
3,,,
9,,,
0,,,
1,,,
4,,,
4,,,
4,,,
2,,,
4,,,
4,,,
4,,,
1,,,
3,,,
3,,,
2,,,
2,,,
0,,,
4,,,
1,,,
4,,,
2,,,
4,,,
2,,,
6,,,
0,,,
2,,,
1,,,
2,,,
4,,,
5,,,
2,,,
2,,,
4,,,
4,,,
4,,,
0,,,
4,,,
0,,,
2,,,
0,,,
4,,,
3,,,
3,,,
4,,,
1,,,
0,,,
1,,,
4,,,
0,,,
0,,,
3,,,
4,,,
3,,,
0,,,
4,,,
3,,,
3,,,
0,,,
2,,,
4,,,
2,,,
2,,,
3,,,
1,,,
6,,,
5,,,
5,,,
10,,,
2,,,
7,,,
0,,,
4,,,
2,,,
4,,,
0,,,
3,,,
5,,,
2,,,
3,,,
1,,,
4,,,
1,,,
0,,,
2,,,
4,,,
1,,,
2,,,
4,,,
3,,,
0,,,
3,,,
0,,,
2,,,
3,,,
3,,,
0,,,
3,,,
1,,,
0,,,
4,,,
3,,,
0,,,
0,,,
1,,,
0,,,
4,,,
5,,,
4,,,
3,,,
19,,,
2,,,
14,,,
34,,,
2,,,
2,,,
30,,,
28,,,
41,,,
53,,,
63,,,
33,,,
1,,,
8,,,
12,,,
74,,,
41,,,
43,,,
24,,,
9,,,
40,,,
9,,,
8,,,
37,,,
19,,,
46,,,
2,,,
25,,,
47,,,
19,,,
30,,,
21,,,
8,,,
27,,,
41,,,
20,,,
43,,,
35,,,
35,,,
22,,,
28,,,
11,,,
5,,,
31,,,
34,,,
3,,,
5,,,
28,,,
18,,,
17,,,
12,,,
3,,,
8,,,
22,,,
15,,,
2,,,
14,,,
9,,,
5,,,
13,,,
3,,,
10,,,
9,,,
14,,,
20,,,
30,,,
53,,,
133,,,
32,,,
136,,,
287,,,
94,,,
231,,,
291,,,
64,,,
92,,,
245,,,
22,,,
316,,,
308,,,
166,,,
168,,,
55,,,
85,,,
175,,,
160,,,
179,,,
119,,,
59,,,
150,,,
248,,,
142,,,
71,,,
167,,,
269,,,
212,,,
249,,,
16,,,
202,,,
6,,,
120,,,
121,,,
146,,,
96,,,
74,,,
121,,,
123,,,
186,,,
123,,,
83,,,
143,,,
170,,,
306,,,
128,,,
294,,,
233,,,
257,,,
127,,,
241,,,
99,,,
32,,,
255,,,
69,,,
192,,,
252,,,
69,,,
117,,,
211,,,
287,,,
221,,,
24,,,
1,,,
23,,,
197,,,
233,,,
220,,,
200,,,
250,,,
38,,,
65,,,
46,,,
123,,,
235,,,
184,,,
221,,,
114,,,
146,,,
101,,,
16,,,
94,,,
43,,,
60,,,
178,,,
22,,,
34,,,
127,,,
75,,,
24,,,
75,,,
65,,,
55,,,
85,,,
72,,,
94,,,
58,,,
21,,,
1,,,
48,,,
10,,,
6,,,
59,,,
48,,,
47,,,
52,,,
13,,,
48,,,
25,,,
3,,,
29,,,
25,,,
10,,,
24,,,
20,,,
8,,,
1,,,
1,,,
2,,,
0,,,
1,,,
0,,,
4,,,
2,,,
2,,,
4,,,
4,,,
3,,,
1,,,
4,,,
2,,,
1,,,
1,,,
1,,,
4,,,
2,,,
1,,,
3,,,
2,,,
1,,,
4,,,
3,,,
1,,,
2,,,
3,,,
1,,,
4,,,
4,,,
2,,,
4,,,
2,,,
3,,,
4,,,
1,,,
3,,,
3,,,
2,,,
4,,,
2,,,
0,,,
3,,,
1,,,
2,,,
1,,,
2,,,
1,,,
1,,,
3,,,
1,,,
3,,,
2,,,
0,,,
1,,,
0,,,
4,,,
1,,,
1,,,
4,,,
2,,,
0,,,
0,,,
4,,,
1,,,
4,,,
2,,,
1,,,
3,,,
2,,,
0,,,
2,,,
2,,,
0,,,
3,,,
1,,,
3,,,
2,,,
4,,,
4,,,
4,,,
1,,,
1,,,
20,,,
67,,,
32,,,
40,,,
32,,,
10,,,
9,,,
13,,,
13,,,
24,,,
13,,,
44,,,
2,,,
29,,,
22,,,
8,,,
12,,,
54,,,
33,,,
26,,,
8,,,
8,,,
9,,,
42,,,
29,,,
2,,,
11,,,
15,,,
10,,,
9,,,
25,,,
17,,,
11,,,
9,,,
12,,,
5,,,
10,,,
16,,,
5,,,
3,,,
3,,,
0,,,
2,,,
0,,,
0,,,
1,,,
1,,,
4,,,
2,,,
4,,,
1,,,
3,,,
0,,,
2,,,
0,,,
1,,,
1,,,
3,,,
1,,,
3,,,
2,,,
1,,,
0,,,
1,,,
1,,,
0,,,
1,,,
1,,,
3,,,
4,,,
1,,,
1,,,
4,,,
0,,,
4,,,
4,,,
2,,,
0,,,
1,,,
1,,,
1,,,
4,,,
4,,,
3,,,
1,,,
1,,,
4,,,
0,,,
0,,,
1,,,
3,,,
2,,,
2,,,
1,,,
0,,,
0,,,
1,,,
4,,,
3,,,
4,,,
3,,,
4,,,
3,,,
2,,,
2,,,
2,,,
4,,,
1,,,
4,,,
0,,,
2,,,
0,,,
1,,,
4,,,
1,,,
2,,,
0,,,
0,,,
4,,,
0,,,
1,,,
3,,,
0,,,
1,,,
4,,,
0,,,
3,,,
0,,,
1,,,
2,,,
1,,,
4,,,
3,,,
4,,,
4,,,
0,,,
3,,,
3,,,
1,,,
2,,,
0,,,
1,,,
0,,,
1,,,
0,,,
1,,,
0,,,
0,,,
1,,,
0,,,
3,,,
0,,,
0,,,
3,,,
1,,,
4,,,
0,,,
4,,,
1,,,
2,,,
3,,,
4,,,
3,,,
2,,,
4,,,
2,,,
4,,,
2,,,
2,,,
3,,,
2,,,
2,,,
4,,,
2,,,
0,,,
4,,,
3,,,
3,,,
1,,,
1,,,
3,,,
4,,,
1,,,
0,,,
4,,,
2,,,
4,,,
0,,,
4,,,
2,,,
2,,,
7,,,
14,,,
13,,,
16,,,
2,,,
22,,,
6,,,
17,,,
32,,,
25,,,
28,,,
26,,,
22,,,
53,,,
1,,,
79,,,
6,,,
41,,,
62,,,
34,,,
24,,,
52,,,
21,,,
21,,,
6,,,
45,,,
25,,,
28,,,
41,,,
9,,,
14,,,
36,,,
13,,,
39,,,
37,,,
15,,,
48,,,
45,,,
24,,,
4,,,
36,,,
8,,,
20,,,
41,,,
16,,,
4,,,
2,,,
19,,,
20,,,
10,,,
9,,,
12,,,
14,,,
2,,,
18,,,
12,,,
4,,,
11,,,
18,,,
1,,,
0,,,
2,,,
2,,,
0,,,
3,,,
4,,,
3,,,
3,,,
2,,,
2,,,
6,,,
0,,,
9,,,
12,,,
3,,,
19,,,
14,,,
14,,,
16,,,
20,,,
16,,,
0,,,
2,,,
7,,,
14,,,
0,,,
10,,,
8,,,
3,,,
8,,,
4,,,
4,,,
2,,,
1,,,
1,,,
1,,,
3,,,
4,,,
1,,,
2,,,
2,,,
4,,,
0,,,
2,,,
0,,,
2,,,
1,,,
1,,,
4,,,
4,,,
1,,,
2,,,
1,,,
2,,,
4,,,
1,,,
3,,,
5,,,
3,,,
1,,,
6,,,
0,,,
17,,,
14,,,
24,,,
4,,,
2,,,
12,,,
3,,,
4,,,
21,,,
2,,,
23,,,
16,,,
9,,,
0,,,
6,,,
8,,,
2,,,
2,,,
2,,,
0,,,
4,,,
4,,,
1,,,
1,,,
1,,,
4,,,
3,,,
0,,,
2,,,
0,,,
1,,,
0,,,
0,,,
2,,,
4,,,
2,,,
1,,,
4,,,
1,,,
2,,,
4,,,
2,,,
3,,,
0,,,
4,,,
1,,,
3,,,
3,,,
3,,,
3,,,
1,,,
0,,,
4,,,
5,,,
0,,,
0,,,
2,,,
9,,,
18,,,
16,,,
18,,,
14,,,
7,,,
56,,,
117,,,
165,,,
206,,,
62,,,
282,,,
0,,,
157,,,
28,,,
29,,,
104,,,
235,,,
215,,,
18,,,
205,,,
22,,,
26,,,
132,,,
125,,,
239,,,
205,,,
186,,,
177,,,
135,,,
76,,,
241,,,
155,,,
124,,,
199,,,
20,,,
193,,,
199,,,
251,,,
10,,,
82,,,
253,,,
115,,,
118,,,
86,,,
15,,,
156,,,
127,,,
66,,,
59,,,
49,,,
56,,,
89,,,
179,,,
84,,,
229,,,
104,,,
233,,,
210,,,
78,,,
3,,,
133,,,
135,,,
81,,,
49,,,
3,,,
118,,,
219,,,
116,,,
85,,,
181,,,
149,,,
168,,,
71,,,
151,,,
69,,,
26,,,
65,,,
20,,,
59,,,
16,,,
14,,,
29,,,
65,,,
51,,,
17,,,
29,,,
19,,,
13,,,
7,,,
1,,,
12,,,
4,,,
2,,,
4,,,
3,,,
4,,,
2,,,
1,,,
2,,,
1,,,
1,,,
3,,,
1,,,
1,,,
0,,,
0,,,
0,,,
3,,,
3,,,
1,,,
0,,,
3,,,
2,,,
4,,,
1,,,
4,,,
3,,,
4,,,
4,,,
1,,,
2,,,
3,,,
0,,,
1,,,
4,,,
0,,,
0,,,
1,,,
2,,,
4,,,
0,,,
0,,,
0,,,
5,,,
2,,,
4,,,
7,,,
5,,,
6,,,
10,,,
9,,,
5,,,
13,,,
17,,,
6,,,
26,,,
10,,,
7,,,
18,,,
34,,,
0,,,
6,,,
20,,,
21,,,
17,,,
5,,,
27,,,
0,,,
36,,,
31,,,
7,,,
31,,,
13,,,
6,,,
29,,,
33,,,
6,,,
9,,,
7,,,
0,,,
6,,,
9,,,
0,,,
11,,,
7,,,
10,,,
6,,,
4,,,
1,,,
4,,,
2,,,
1,,,
2,,,
3,,,
1,,,
3,,,
0,,,
3,,,
4,,,
4,,,
0,,,
2,,,
0,,,
1,,,
4,,,
0,,,
12,,,
4,,,
6,,,
2,,,
6,,,
4,,,
7,,,
14,,,
15,,,
10,,,
5,,,
32,,,
19,,,
33,,,
0,,,
34,,,
22,,,
23,,,
22,,,
36,,,
36,,,
17,,,
12,,,
2,,,
15,,,
7,,,
2,,,
12,,,
9,,,
6,,,
7,,,
4,,,
3,,,
5,,,
1,,,
4,,,
1,,,
2,,,
3,,,
3,,,
1,,,
3,,,
3,,,
1,,,
4,,,
2,,,
4,,,
3,,,
0,,,
3,,,
1,,,
3,,,
3,,,
4,,,
0,,,
3,,,
2,,,
2,,,
2,,,
1,,,
1,,,
4,,,
4,,,
1,,,
1,,,
2,,,
2,,,
6,,,
0,,,
0,,,
