11,4,0,6
13,4,1,8
7,3,10,8
12,10,7,2
1,1,5,8
0,2,9,
3,,,
11,,,
6,,,
8,,,
12,,,
0,,,
0,,,
0,,,
0,,,
0,,,
0,,,
0,,,
0,,,
0,,,
13,,,
14,,,
20,,,
6,,,
24,,,
1,,,
22,,,
5,,,
8,,,
9,,,
20,,,
21,,,
14,,,
16,,,
4,,,
20,,,
4,,,
14,,,
14,,,
11,,,
8,,,
3,,,
2,,,
7,,,
0,,,
14,,,
1,,,
14,,,
12,,,
6,,,
2,,,
10,,,
0,,,
2,,,
11,,,
2,,,
9,,,
5,,,
12,,,
12,,,
9,,,
9,,,
4,,,
10,,,
14,,,
0,,,
12,,,
10,,,
14,,,
3,,,
13,,,
14,,,
6,,,
0,,,
6,,,
14,,,
0,,,
0,,,
13,,,
4,,,
13,,,
0,,,
14,,,
13,,,
3,,,
10,,,
7,,,
4,,,
7,,,
12,,,
8,,,
1,,,
6,,,
4,,,
3,,,
12,,,
4,,,
7,,,
0,,,
4,,,
11,,,
13,,,
3,,,
9,,,
14,,,
7,,,
12,,,
4,,,
17,,,
6,,,
10,,,
7,,,
14,,,
1,,,
12,,,
9,,,
8,,,
10,,,
18,,,
6,,,
8,,,
15,,,
3,,,
15,,,
3,,,
21,,,
5,,,
14,,,
13,,,
11,,,
5,,,
21,,,
25,,,
4,,,
2,,,
1,,,
8,,,
11,,,
7,,,
2,,,
3,,,
9,,,
9,,,
9,,,
10,,,
6,,,
3,,,
13,,,
3,,,
1,,,
8,,,
12,,,
14,,,
11,,,
13,,,
9,,,
9,,,
10,,,
9,,,
8,,,
7,,,
4,,,
1,,,
2,,,
3,,,
12,,,
4,,,
10,,,
1,,,
3,,,
12,,,
11,,,
5,,,
13,,,
5,,,
0,,,
12,,,
8,,,
6,,,
0,,,
1,,,
14,,,
13,,,
0,,,
3,,,
3,,,
2,,,
12,,,
13,,,
3,,,
12,,,
5,,,
9,,,
1,,,
8,,,
10,,,
6,,,
16,,,
18,,,
11,,,
14,,,
2,,,
10,,,
31,,,
8,,,
15,,,
50,,,
36,,,
65,,,
29,,,
34,,,
0,,,
8,,,
27,,,
56,,,
69,,,
33,,,
31,,,
69,,,
47,,,
26,,,
23,,,
32,,,
67,,,
7,,,
67,,,
14,,,
8,,,
54,,,
42,,,
23,,,
17,,,
68,,,
33,,,
16,,,
2,,,
59,,,
10,,,
23,,,
8,,,
24,,,
1,,,
1,,,
0,,,
12,,,
1,,,
3,,,
2,,,
13,,,
4,,,
5,,,
9,,,
3,,,
13,,,
4,,,
8,,,
5,,,
2,,,
9,,,
0,,,
12,,,
14,,,
2,,,
2,,,
3,,,
7,,,
0,,,
5,,,
2,,,
3,,,
13,,,
14,,,
11,,,
12,,,
12,,,
7,,,
2,,,
7,,,
1,,,
7,,,
11,,,
6,,,
1,,,
7,,,
11,,,
5,,,
0,,,
9,,,
14,,,
1,,,
9,,,
11,,,
7,,,
4,,,
13,,,
11,,,
11,,,
6,,,
1,,,
5,,,
1,,,
14,,,
11,,,
13,,,
3,,,
8,,,
12,,,
12,,,
0,,,
14,,,
4,,,
4,,,
12,,,
5,,,
11,,,
1,,,
3,,,
3,,,
10,,,
2,,,
5,,,
11,,,
6,,,
17,,,
7,,,
18,,,
6,,,
9,,,
12,,,
2,,,
8,,,
25,,,
13,,,
18,,,
12,,,
2,,,
16,,,
6,,,
1,,,
14,,,
12,,,
6,,,
3,,,
2,,,
11,,,
14,,,
3,,,
6,,,
2,,,
13,,,
1,,,
14,,,
9,,,
7,,,
4,,,
2,,,
3,,,
4,,,
6,,,
13,,,
13,,,
7,,,
9,,,
7,,,
5,,,
3,,,
11,,,
12,,,
1,,,
12,,,
11,,,
6,,,
3,,,
6,,,
8,,,
7,,,
5,,,
11,,,
5,,,
14,,,
0,,,
1,,,
4,,,
22,,,
5,,,
0,,,
6,,,
4,,,
2,,,
2,,,
6,,,
13,,,
2,,,
0,,,
12,,,
7,,,
10,,,
8,,,
11,,,
3,,,
12,,,
14,,,
3,,,
14,,,
1,,,
8,,,
17,,,
17,,,
0,,,
13,,,
12,,,
5,,,
9,,,
18,,,
3,,,
4,,,
3,,,
22,,,
25,,,
36,,,
12,,,
3,,,
12,,,
54,,,
33,,,
36,,,
44,,,
12,,,
49,,,
42,,,
29,,,
68,,,
59,,,
3,,,
24,,,
51,,,
3,,,
17,,,
29,,,
46,,,
16,,,
53,,,
6,,,
20,,,
30,,,
9,,,
28,,,
32,,,
23,,,
49,,,
37,,,
1,,,
26,,,
4,,,
7,,,
19,,,
21,,,
24,,,
14,,,
2,,,
0,,,
7,,,
12,,,
9,,,
34,,,
24,,,
4,,,
21,,,
25,,,
12,,,
6,,,
0,,,
21,,,
26,,,
18,,,
0,,,
1,,,
4,,,
16,,,
16,,,
12,,,
17,,,
6,,,
16,,,
1,,,
6,,,
11,,,
14,,,
10,,,
11,,,
17,,,
27,,,
20,,,
8,,,
29,,,
31,,,
38,,,
2,,,
16,,,
27,,,
2,,,
0,,,
11,,,
35,,,
10,,,
29,,,
17,,,
5,,,
5,,,
6,,,
14,,,
16,,,
9,,,
1,,,
4,,,
10,,,
7,,,
0,,,
1,,,
9,,,
1,,,
2,,,
10,,,
5,,,
14,,,
0,,,
6,,,
3,,,
10,,,
6,,,
14,,,
5,,,
3,,,
16,,,
12,,,
8,,,
8,,,
14,,,
4,,,
8,,,
14,,,
10,,,
3,,,
8,,,
11,,,
7,,,
10,,,
11,,,
0,,,
11,,,
5,,,
1,,,
5,,,
0,,,
6,,,
5,,,
8,,,
5,,,
0,,,
3,,,
11,,,
14,,,
0,,,
14,,,
1,,,
7,,,
3,,,
9,,,
3,,,
2,,,
4,,,
2,,,
4,,,
7,,,
2,,,
8,,,
7,,,
12,,,
4,,,
7,,,
0,,,
9,,,
8,,,
13,,,
1,,,
6,,,
3,,,
9,,,
11,,,
10,,,
4,,,
7,,,
9,,,
5,,,
14,,,
2,,,
4,,,
17,,,
11,,,
14,,,
16,,,
2,,,
22,,,
6,,,
17,,,
4,,,
9,,,
34,,,
29,,,
35,,,
43,,,
6,,,
49,,,
6,,,
24,,,
43,,,
26,,,
12,,,
2,,,
6,,,
32,,,
0,,,
5,,,
0,,,
3,,,
9,,,
5,,,
18,,,
4,,,
9,,,
14,,,
12,,,
10,,,
8,,,
5,,,
9,,,
4,,,
6,,,
8,,,
5,,,
11,,,
6,,,
14,,,
2,,,
4,,,
5,,,
10,,,
9,,,
7,,,
4,,,
2,,,
3,,,
2,,,
9,,,
1,,,
13,,,
1,,,
0,,,
12,,,
2,,,
10,,,
3,,,
14,,,
13,,,
3,,,
12,,,
7,,,
8,,,
3,,,
8,,,
5,,,
7,,,
14,,,
4,,,
9,,,
11,,,
10,,,
11,,,
5,,,
2,,,
7,,,
14,,,
5,,,
10,,,
8,,,
13,,,
8,,,
9,,,
14,,,
12,,,
11,,,
1,,,
1,,,
3,,,
14,,,
11,,,
7,,,
7,,,
4,,,
10,,,
7,,,
10,,,
2,,,
6,,,
6,,,
4,,,
9,,,
1,,,
7,,,
6,,,
10,,,
0,,,
5,,,
8,,,
2,,,
14,,,
6,,,
10,,,
0,,,
12,,,
14,,,
4,,,
14,,,
7,,,
7,,,
13,,,
4,,,
6,,,
12,,,
8,,,
1,,,
4,,,
10,,,
11,,,
3,,,
2,,,
7,,,
12,,,
10,,,
14,,,
4,,,
6,,,
10,,,
15,,,
14,,,
8,,,
0,,,
12,,,
10,,,
1,,,
10,,,
10,,,
12,,,
9,,,
2,,,
11,,,
14,,,
6,,,
2,,,
4,,,
7,,,
3,,,
0,,,
9,,,
6,,,
3,,,
3,,,
13,,,
8,,,
6,,,
5,,,
4,,,
4,,,
3,,,
5,,,
10,,,
4,,,
13,,,
7,,,
14,,,
6,,,
2,,,
1,,,
3,,,
23,,,
1,,,
9,,,
18,,,
9,,,
1,,,
15,,,
1,,,
11,,,
7,,,
10,,,
3,,,
3,,,
13,,,
8,,,
3,,,
11,,,
5,,,
7,,,
0,,,
9,,,
12,,,
10,,,
13,,,
2,,,
3,,,
4,,,
8,,,
12,,,
13,,,
11,,,
1,,,
9,,,
10,,,
4,,,
0,,,
6,,,
6,,,
2,,,
8,,,
10,,,
14,,,
11,,,
5,,,
4,,,
11,,,
8,,,
1,,,
2,,,
0,,,
8,,,
11,,,
5,,,
4,,,
1,,,
7,,,
14,,,
12,,,
1,,,
11,,,
10,,,
4,,,
4,,,
11,,,
0,,,
8,,,
7,,,
11,,,
11,,,
11,,,
11,,,
14,,,
2,,,
14,,,
11,,,
12,,,
9,,,
16,,,
5,,,
8,,,
22,,,
13,,,
6,,,
14,,,
4,,,
2,,,
3,,,
6,,,
2,,,
12,,,
6,,,
2,,,
6,,,
11,,,
13,,,
6,,,
11,,,
5,,,
10,,,
0,,,
8,,,
13,,,
6,,,
10,,,
13,,,
2,,,
9,,,
21,,,
12,,,
7,,,
18,,,
22,,,
30,,,
7,,,
2,,,
2,,,
1,,,
2,,,
15,,,
15,,,
4,,,
9,,,
10,,,
12,,,
8,,,
8,,,
13,,,
6,,,
5,,,
8,,,
6,,,
14,,,
14,,,
12,,,
9,,,
12,,,
7,,,
10,,,
5,,,
6,,,
4,,,
11,,,
10,,,
12,,,
3,,,
1,,,
10,,,
4,,,
0,,,
10,,,
11,,,
9,,,
9,,,
6,,,
17,,,
17,,,
4,,,
12,,,
23,,,
19,,,
11,,,
19,,,
10,,,
16,,,
3,,,
3,,,
5,,,
13,,,
7,,,
8,,,
4,,,
11,,,
4,,,
7,,,
1,,,
7,,,
8,,,
11,,,
3,,,
0,,,
13,,,
14,,,
9,,,
0,,,
12,,,
10,,,
11,,,
3,,,
10,,,
6,,,
3,,,
8,,,
3,,,
22,,,
4,,,
27,,,
22,,,
23,,,
10,,,
21,,,
16,,,
23,,,
9,,,
9,,,
17,,,
14,,,
13,,,
2,,,
2,,,
1,,,
13,,,
1,,,
2,,,
9,,,
6,,,
0,,,
12,,,
9,,,
14,,,
2,,,
16,,,
3,,,
2,,,
1,,,
14,,,
11,,,
7,,,
13,,,
8,,,
11,,,
13,,,
13,,,
11,,,
9,,,
7,,,
4,,,
13,,,
0,,,
3,,,
6,,,
3,,,
3,,,
4,,,
5,,,
13,,,
2,,,
12,,,
2,,,
11,,,
1,,,
9,,,
4,,,
11,,,
11,,,
12,,,
2,,,
14,,,
11,,,
1,,,
7,,,
7,,,
6,,,
5,,,
11,,,
0,,,
12,,,
7,,,
14,,,
4,,,
10,,,
12,,,
7,,,
14,,,
1,,,
4,,,
4,,,
3,,,
2,,,
6,,,
6,,,
10,,,
7,,,
3,,,
13,,,
10,,,
7,,,
1,,,
9,,,
4,,,
2,,,
1,,,
3,,,
8,,,
6,,,
14,,,
12,,,
3,,,
11,,,
5,,,
9,,,
25,,,
11,,,
12,,,
18,,,
7,,,
20,,,
29,,,
5,,,
26,,,
18,,,
5,,,
15,,,
16,,,
13,,,
9,,,
16,,,
12,,,
3,,,
15,,,
7,,,
12,,,
6,,,
8,,,
7,,,
4,,,
0,,,
1,,,
14,,,
5,,,
8,,,
5,,,
6,,,
12,,,
14,,,
13,,,
2,,,
12,,,
9,,,
2,,,
11,,,
0,,,
3,,,
12,,,
20,,,
42,,,
46,,,
25,,,
46,,,
29,,,
3,,,
38,,,
31,,,
37,,,
41,,,
35,,,
20,,,
9,,,
25,,,
29,,,
36,,,
26,,,
15,,,
0,,,
5,,,
5,,,
15,,,
11,,,
10,,,
13,,,
5,,,
4,,,
8,,,
13,,,
11,,,
5,,,
8,,,
8,,,
4,,,
10,,,
2,,,
2,,,
11,,,
4,,,
4,,,
17,,,
13,,,
1,,,
5,,,
0,,,
1,,,
3,,,
11,,,
4,,,
8,,,
5,,,
1,,,
4,,,
8,,,
11,,,
9,,,
5,,,
0,,,
2,,,
4,,,
4,,,
