1,,,
3,,,
2,,,
2,,,
1,,,
0,,,
3,,,
1,,,
1,,,
3,,,
2,,,
14,,,
7,,,
12,,,
12,,,
2,,,
6,,,
5,,,
4,,,
11,,,
13,,,
2,,,
0,,,
1,,,
9,,,
6,,,
2,,,
10,,,
3,,,
4,,,
5,,,
6,,,
9,,,
4,,,
4,,,
2,,,
4,,,
14,,,
14,,,
11,,,
8,,,
1,,,
1,,,
4,,,
0,,,
2,,,
4,,,
10,,,
11,,,
8,,,
10,,,
11,,,
3,,,
6,,,
2,,,
23,,,
6,,,
20,,,
3,,,
17,,,
10,,,
7,,,
32,,,
19,,,
29,,,
5,,,
22,,,
1,,,
4,,,
8,,,
5,,,
22,,,
18,,,
3,,,
4,,,
21,,,
5,,,
8,,,
1,,,
2,,,
3,,,
0,,,
4,,,
3,,,
3,,,
0,,,
2,,,
4,,,
2,,,
2,,,
3,,,
1,,,
1,,,
4,,,
3,,,
2,,,
4,,,
2,,,
0,,,
4,,,
1,,,
3,,,
3,,,
4,,,
4,,,
2,,,
3,,,
1,,,
4,,,
1,,,
0,,,
2,,,
4,,,
1,,,
2,,,
4,,,
3,,,
0,,,
3,,,
0,,,
2,,,
3,,,
3,,,
0,,,
3,,,
1,,,
0,,,
4,,,
3,,,
0,,,
0,,,
1,,,
0,,,
4,,,
1,,,
1,,,
3,,,
1,,,
2,,,
2,,,
3,,,
4,,,
4,,,
4,,,
0,,,
1,,,
3,,,
3,,,
3,,,
1,,,
3,,,
2,,,
4,,,
1,,,
3,,,
4,,,
4,,,
0,,,
4,,,
3,,,
2,,,
4,,,
1,,,
2,,,
0,,,
2,,,
4,,,
0,,,
1,,,
3,,,
2,,,
1,,,
0,,,
3,,,
0,,,
0,,,
2,,,
3,,,
1,,,
0,,,
1,,,
4,,,
3,,,
0,,,
3,,,
3,,,
2,,,
2,,,
3,,,
3,,,
2,,,
0,,,
2,,,
4,,,
4,,,
0,,,
3,,,
3,,,
0,,,
4,,,
4,,,
0,,,
0,,,
4,,,
3,,,
2,,,
1,,,
2,,,
0,,,
2,,,
3,,,
1,,,
2,,,
3,,,
4,,,
2,,,
1,,,
1,,,
4,,,
1,,,
1,,,
4,,,
3,,,
0,,,
3,,,
2,,,
0,,,
3,,,
3,,,
3,,,
0,,,
2,,,
0,,,
2,,,
3,,,
3,,,
0,,,
4,,,
1,,,
2,,,
2,,,
1,,,
0,,,
1,,,
4,,,
4,,,
6,,,
3,,,
2,,,
2,,,
2,,,
3,,,
2,,,
3,,,
0,,,
18,,,
10,,,
12,,,
24,,,
22,,,
8,,,
0,,,
5,,,
2,,,
17,,,
0,,,
0,,,
6,,,
2,,,
3,,,
7,,,
8,,,
5,,,
1,,,
2,,,
2,,,
2,,,
2,,,
1,,,
2,,,
1,,,
1,,,
1,,,
2,,,
1,,,
0,,,
0,,,
4,,,
4,,,
1,,,
4,,,
1,,,
2,,,
4,,,
3,,,
1,,,
1,,,
1,,,
1,,,
0,,,
1,,,
4,,,
1,,,
3,,,
3,,,
3,,,
2,,,
2,,,
0,,,
4,,,
4,,,
4,,,
2,,,
0,,,
1,,,
1,,,
3,,,
3,,,
0,,,
2,,,
0,,,
1,,,
1,,,
2,,,
0,,,
1,,,
0,,,
4,,,
2,,,
2,,,
4,,,
4,,,
3,,,
1,,,
4,,,
2,,,
1,,,
1,,,
1,,,
4,,,
2,,,
1,,,
3,,,
2,,,
1,,,
4,,,
3,,,
1,,,
2,,,
3,,,
1,,,
4,,,
4,,,
2,,,
4,,,
2,,,
3,,,
4,,,
1,,,
3,,,
3,,,
2,,,
4,,,
2,,,
0,,,
3,,,
1,,,
2,,,
1,,,
2,,,
1,,,
1,,,
3,,,
1,,,
8,,,
8,,,
0,,,
3,,,
0,,,
4,,,
1,,,
1,,,
4,,,
2,,,
0,,,
0,,,
4,,,
1,,,
4,,,
2,,,
1,,,
3,,,
2,,,
0,,,
2,,,
2,,,
0,,,
3,,,
1,,,
3,,,
2,,,
4,,,
4,,,
1,,,
0,,,
4,,,
0,,,
2,,,
2,,,
0,,,
2,,,
0,,,
4,,,
3,,,
3,,,
4,,,
3,,,
4,,,
2,,,
4,,,
2,,,
3,,,
2,,,
4,,,
3,,,
1,,,
3,,,
3,,,
4,,,
2,,,
4,,,
2,,,
1,,,
0,,,
0,,,
4,,,
0,,,
2,,,
1,,,
4,,,
2,,,
0,,,
0,,,
1,,,
0,,,
3,,,
3,,,
0,,,
2,,,
0,,,
0,,,
1,,,
1,,,
4,,,
2,,,
4,,,
1,,,
3,,,
0,,,
2,,,
0,,,
1,,,
1,,,
3,,,
1,,,
3,,,
2,,,
1,,,
0,,,
1,,,
1,,,
0,,,
1,,,
1,,,
3,,,
4,,,
1,,,
1,,,
4,,,
0,,,
4,,,
4,,,
2,,,
0,,,
1,,,
1,,,
1,,,
4,,,
4,,,
3,,,
2,,,
1,,,
3,,,
9,,,
0,,,
9,,,
5,,,
2,,,
12,,,
19,,,
3,,,
106,,,
8,,,
23,,,
114,,,
88,,,
33,,,
15,,,
113,,,
71,,,
102,,,
39,,,
75,,,
46,,,
17,,,
99,,,
25,,,
46,,,
40,,,
9,,,
18,,,
53,,,
100,,,
58,,,
65,,,
87,,,
79,,,
86,,,
27,,,
4,,,
54,,,
14,,,
54,,,
70,,,
77,,,
57,,,
6,,,
14,,,
0,,,
39,,,
20,,,
46,,,
6,,,
11,,,
2,,,
31,,,
22,,,
22,,,
36,,,
8,,,
5,,,
16,,,
29,,,
51,,,
0,,,
9,,,
23,,,
20,,,
35,,,
28,,,
26,,,
7,,,
18,,,
8,,,
19,,,
0,,,
27,,,
13,,,
26,,,
22,,,
5,,,
14,,,
10,,,
21,,,
1,,,
11,,,
17,,,
3,,,
13,,,
13,,,
5,,,
4,,,
3,,,
5,,,
1,,,
1,,,
3,,,
4,,,
1,,,
0,,,
4,,,
2,,,
4,,,
0,,,
4,,,
2,,,
4,,,
2,,,
1,,,
4,,,
1,,,
2,,,
2,,,
1,,,
2,,,
4,,,
4,,,
4,,,
4,,,
0,,,
3,,,
1,,,
4,,,
1,,,
1,,,
2,,,
4,,,
4,,,
2,,,
1,,,
1,,,
1,,,
0,,,
0,,,
1,,,
5,,,
2,,,
1,,,
3,,,
3,,,
4,,,
2,,,
0,,,
3,,,
5,,,
6,,,
13,,,
0,,,
8,,,
7,,,
15,,,
22,,,
25,,,
8,,,
79,,,
41,,,
19,,,
3,,,
62,,,
0,,,
51,,,
1,,,
32,,,
69,,,
43,,,
43,,,
49,,,
21,,,
27,,,
25,,,
4,,,
20,,,
55,,,
52,,,
36,,,
3,,,
52,,,
8,,,
33,,,
20,,,
35,,,
37,,,
44,,,
34,,,
36,,,
5,,,
19,,,
17,,,
17,,,
29,,,
31,,,
32,,,
17,,,
4,,,
5,,,
24,,,
15,,,
24,,,
14,,,
24,,,
17,,,
10,,,
11,,,
13,,,
12,,,
17,,,
1,,,
4,,,
7,,,
17,,,
5,,,
2,,,
4,,,
0,,,
1,,,
7,,,
6,,,
3,,,
2,,,
1,,,
0,,,
0,,,
0,,,
3,,,
2,,,
4,,,
1,,,
0,,,
0,,,
2,,,
4,,,
4,,,
4,,,
2,,,
2,,,
3,,,
4,,,
1,,,
2,,,
3,,,
1,,,
4,,,
0,,,
1,,,
3,,,
2,,,
2,,,
2,,,
0,,,
4,,,
4,,,
1,,,
1,,,
1,,,
4,,,
3,,,
0,,,
2,,,
0,,,
1,,,
0,,,
0,,,
2,,,
4,,,
2,,,
1,,,
4,,,
1,,,
2,,,
4,,,
2,,,
3,,,
0,,,
4,,,
1,,,
3,,,
3,,,
3,,,
3,,,
1,,,
5,,,
3,,,
1,,,
0,,,
10,,,
5,,,
11,,,
9,,,
7,,,
6,,,
11,,,
7,,,
16,,,
2,,,
33,,,
31,,,
32,,,
3,,,
27,,,
9,,,
1,,,
2,,,
5,,,
2,,,
16,,,
3,,,
15,,,
4,,,
5,,,
6,,,
14,,,
4,,,
7,,,
10,,,
9,,,
13,,,
7,,,
15,,,
10,,,
10,,,
0,,,
13,,,
12,,,
13,,,
11,,,
1,,,
9,,,
7,,,
0,,,
52,,,
21,,,
29,,,
31,,,
63,,,
50,,,
59,,,
41,,,
35,,,
29,,,
21,,,
48,,,
41,,,
22,,,
75,,,
8,,,
76,,,
23,,,
71,,,
51,,,
67,,,
49,,,
42,,,
10,,,
32,,,
60,,,
1,,,
49,,,
6,,,
27,,,
8,,,
37,,,
45,,,
5,,,
5,,,
8,,,
2,,,
8,,,
17,,,
11,,,
21,,,
35,,,
14,,,
18,,,
41,,,
17,,,
23,,,
21,,,
4,,,
22,,,
30,,,
30,,,
33,,,
0,,,
32,,,
29,,,
27,,,
15,,,
31,,,
13,,,
30,,,
31,,,
30,,,
20,,,
7,,,
23,,,
16,,,
25,,,
15,,,
14,,,
2,,,
15,,,
19,,,
20,,,
3,,,
20,,,
20,,,
18,,,
13,,,
16,,,
8,,,
1,,,
2,,,
15,,,
15,,,
12,,,
1,,,
6,,,
4,,,
0,,,
0,,,
2,,,
3,,,
2,,,
2,,,
0,,,
4,,,
4,,,
2,,,
4,,,
2,,,
2,,,
0,,,
0,,,
1,,,
4,,,
1,,,
0,,,
2,,,
3,,,
1,,,
0,,,
4,,,
0,,,
1,,,
6,,,
1,,,
5,,,
1,,,
14,,,
15,,,
4,,,
12,,,
23,,,
19,,,
23,,,
11,,,
15,,,
17,,,
21,,,
2,,,
1,,,
13,,,
7,,,
8,,,
4,,,
21,,,
19,,,
12,,,
17,,,
16,,,
17,,,
50,,,
0,,,
38,,,
46,,,
35,,,
8,,,
18,,,
37,,,
26,,,
41,,,
27,,,
15,,,
36,,,
28,,,
6,,,
2,,,
22,,,
4,,,
17,,,
16,,,
11,,,
10,,,
